110264
110266
110268
110269
110282
110289
110293
110303
110309
110314
110321
110329
110337
110342
110347
110350
110357
110363
110367
110372
110376
110385
110392
110398
110403
110407
110413
110415
110426
110430
110434
110440
110468
110477
110481
110487
110496
110501
110507
110510
110516
110520
110578
110587
110608
110614
110619
110625
110637
110645
110650
110660
110666
110671
110700
110725
110731
110736
110744
110751
110757
110762
110768
110773
110777
110781
110785
110793
110796
110800
110823
110833
110841
110847
110854
110858
110865
110872
110878
110891
110896
110902
110905
110910
110932
110964
110972
110997
111022
111033
111036
111042
111044
111050
111058
