258566
258568
258570
258576
258578
258580
258582
258584
258586
258588
258590
258592
258594
258596
258811
258602
258608
258610
258612
258614
258616
258618
258621
258623
258627
258631
258633
258635
258637
258639
258641
258643
258645
258647
258649
258651
258653
258655
258657
258659
258661
258663
258665
258667
258669
258671
258673
258675
258677
258679
258681
258683
258685
258687
258691
258693
258695
258697
258702
258704
258706
258708
258712
258714
258716
258719
258721
258723
258727
258747
258749
258751
258754
258756
258760
258762
258764
258766
258772
258774
258776
258778
258780
258782
258784
258787
258793
258797
258799
258801
258803
258805
258807
258809
